#Resid,DOA_avg,DOA_sd
1,42.519520,4.14071893692
2,41.161633,3.89531326294
3,37.712658,3.8207218647
4,36.033646,3.38435149193
5,35.672993,2.99014186859
6,32.159641,2.81402802467
7,31.184130,2.38722324371
8,28.339113,2.45901250839
9,26.921682,2.10887527466
10,24.521242,2.09550237656
11,21.977268,1.88552153111
12,21.089581,1.91301691532
13,23.472919,2.14240050316
14,22.829323,2.19828224182
15,23.142469,2.46488308907
16,26.048534,2.59041810036
17,24.129852,2.6452794075
18,23.277969,2.50938200951
19,26.851019,2.46429872513
20,27.556419,2.7053501606
21,24.638557,2.74496078491
22,25.254560,2.53129982948
23,28.934601,2.61556482315
24,28.231487,3.06298780441
25,25.795616,3.05362010002
26,28.470999,2.91079187393
27,28.597988,2.52907443047
28,31.993416,2.40287733078
29,30.710911,2.04804897308
30,28.202976,1.92043447495
31,26.047722,1.81458175182
32,25.053686,1.98391532898
33,22.870800,2.0353679657
34,24.229317,2.34373784065
35,22.136620,2.70653247833
36,23.126312,3.08130311966
37,22.081812,3.66520404816
38,20.842855,3.87837123871
39,23.773952,4.21092414856
40,26.072905,3.81844329834
41,27.237963,3.6429502964
42,26.940374,3.13163161278
43,24.806402,3.16008591652
44,23.693895,2.78525829315
45,23.730932,2.39397644997
46,20.062855,2.3794093132
47,17.767912,2.19000577927
48,14.828999,2.46142959595
49,11.208710,2.42864465714
50,9.105338,2.16634774208
51,10.911457,2.05136466026
52,10.974718,2.03423237801
53,9.181113,2.22950196266
54,7.882428,2.38364720345
55,10.989086,2.31595730782
56,12.264462,2.07562327385
57,14.574772,2.0653192997
58,14.480489,2.4627392292
59,17.595308,2.48793530464
60,20.470953,2.62176275253
61,23.724821,2.76155757904
62,25.875303,2.92730522156
63,28.087757,2.68323588371
64,31.246178,2.89129257202
65,30.580614,2.90531229973
66,29.753275,2.63413095474
67,33.074387,2.50987172127
68,34.853264,2.80565619469
69,33.262444,2.76005148888
70,33.747192,2.36453056335
71,37.403408,2.40242338181
72,37.946480,2.63477993011
73,36.160606,2.47628068924
74,38.401901,2.21893644333
75,41.628956,2.34434986115
76,43.685608,2.61944270134
77,44.340591,2.86928296089
78,41.173393,3.01795744896
79,38.792953,3.21434664726
80,35.937614,3.03094816208
81,37.917496,2.73490190506
82,36.222343,2.54053544998
83,38.389809,2.63131666183
84,35.626190,2.62729620934
85,34.827873,2.22492551804
86,36.520554,2.0951962471
87,34.274918,1.91669535637
88,31.951010,1.81043028831
89,29.419525,1.7193363905
90,28.455929,1.81579911709
91,25.136932,1.81365811825
92,25.047163,2.25878596306
93,21.766594,2.48626208305
94,22.551441,2.81479978561
95,19.224487,2.98442864418
96,17.961365,3.21417927742
97,21.214996,3.40033435822
98,22.135092,3.80527019501
99,25.326532,3.73751139641
100,27.251322,3.99421787262
101,25.908327,3.83768320084
102,26.835508,3.38987374306
103,30.346886,3.53938126564
104,30.508287,3.66411805153
105,29.076303,3.33964586258
106,31.915579,3.03684186935
107,34.353119,3.35998654366
108,32.725761,3.37814188004
109,32.747169,2.87958717346
110,36.378204,2.80036187172
111,37.188614,3.20875692368
112,35.146042,3.03234219551
113,36.951679,2.56842017174
114,40.269794,2.77092933655
115,39.597191,3.08368730545
116,37.278400,2.89539837837
117,38.261497,2.43855428696
118,41.791138,2.32803344727
119,42.962479,2.70234727859
120,45.238029,2.77875733376
121,47.888275,2.50463056564
122,48.061127,2.42918086052
123,45.212437,2.08074045181
124,45.197868,2.00296115875
125,41.635147,1.96186685562
126,41.245529,2.03077507019
127,38.009670,1.99678730965
128,37.648178,1.81895637512
129,35.258011,1.765671134
130,32.877033,1.74296712875
131,31.105923,1.93180561066
132,27.756645,1.89020478725
133,25.916731,2.06961846352
134,22.621948,2.25487923622
135,23.164570,2.88644719124
136,25.819551,3.05349373817
137,24.160988,3.29815602303
138,26.483461,3.65948653221
139,29.173256,2.98468589783
140,29.840332,3.14776563644
141,30.267395,2.92812132835
142,32.982323,2.66510105133
143,34.646362,2.99946689606
144,34.370712,3.23997759819
145,35.700298,2.85317325592
146,38.605911,2.73029446602
147,39.412117,3.27413249016
148,39.339939,3.37025737762
149,41.540722,2.80819678307
150,44.035950,3.02949166298
151,43.787476,3.53434729576
152,44.252274,3.40512704849
153,47.024635,3.03064370155
154,45.727894,2.61187362671
155,44.535595,2.43414473534
156,47.216442,2.12311792374
157,47.453625,2.08934879303
158,44.044956,1.99494791031
159,43.547718,1.97374713421
160,43.207253,1.6874550581
161,40.968739,1.7665323019
162,38.228050,1.87230682373
163,35.948280,1.82685399055
164,33.023117,1.94395530224
165,29.541243,1.93843531609
166,27.023775,2.50268220901
167,24.210159,2.6111137867
168,21.185308,2.56239271164
169,20.366911,2.48599910736
170,21.933367,2.57260894775
171,23.189861,2.74973320961
172,26.688423,2.74368715286
173,27.766443,2.96896195412
174,26.780918,3.06680130959
175,28.677999,2.76711606979
176,31.615025,2.79796600342
177,31.697563,3.18060803413
178,31.298758,3.30171084404
179,33.985355,2.98552250862
180,36.248100,3.10726857185
181,35.508724,3.63100647926
182,36.526047,3.67764091492
183,39.339283,3.13707828522
184,38.203560,2.53717827797
185,39.542267,2.21388912201
186,39.872395,1.93460738659
187,37.998398,1.90319907665
188,34.614208,1.94389951229
189,31.839430,1.97286403179
190,28.614445,2.01737976074
191,25.425880,1.9936041832
192,21.942554,2.24663853645
193,19.221312,2.14451575279
194,15.922562,2.08635950089
195,14.337189,2.15079402924
196,13.698082,2.18256092072
197,9.995042,2.14436364174
198,9.729592,2.17316961288
199,10.382950,2.54873561859
200,13.215204,2.5061776638
201,14.310902,2.71705007553
202,17.770811,2.80626821518
203,18.499567,2.93085432053
204,20.714062,2.66684937477
205,22.436632,2.67611670494
206,23.172884,3.05545043945
207,24.594454,2.92408895493
208,26.690548,2.62338423729
209,27.841116,2.95997619629
210,28.688494,3.25749111176
211,30.673197,2.86352753639
212,32.354046,2.76492762566
213,33.462128,3.11077880859
214,34.660667,3.20871019363
215,38.351768,3.12667751312
216,38.977139,2.77153134346
217,36.079788,2.57767987251
218,37.419239,2.38381385803
219,34.346512,2.33231973648
220,33.503532,2.21548604965
221,35.161907,2.22170448303
222,32.831985,2.21802830696
223,29.131771,2.24302959442
224,26.817341,2.22691679001
225,23.151184,2.24149727821
226,20.720068,2.13463830948
227,18.620552,2.15970087051
228,18.231270,2.48159098625
229,16.427086,2.69308996201
230,15.507067,2.91777586937
231,17.935585,3.26853942871
232,16.803200,3.50002646446
233,17.416178,3.18845582008
234,20.842735,3.10630631447
235,21.527351,3.57932782173
236,20.365215,3.57344460487
237,22.516649,3.11901664734
238,25.534603,3.35582637787
239,24.783922,3.86875104904
240,24.643744,3.47201180458
241,27.962475,3.3165128231
242,27.706219,2.78835225105
243,30.607063,2.62401509285
244,28.545380,2.36225533485
245,25.229313,2.38171958923
246,23.500601,2.13208389282
247,21.046310,2.27257752419
248,19.308771,2.16948604584
249,20.102818,2.69062161446
250,23.820087,2.77266573906
251,23.450205,3.22729253769
252,21.410145,3.24917507172
253,24.238932,3.13868689537
254,26.621239,3.49142289162
255,24.296013,3.91409707069
256,24.131233,3.76684331894
257,27.864771,3.72712779045
258,28.246630,4.22142839432
259,26.329454,4.54743385315
260,28.237116,5.10920906067
261,28.343672,4.76904964447
262,29.056845,4.19119548798
263,31.518393,4.34219408035
264,33.633663,4.63069105148
265,33.764755,4.23419237137
266,33.204929,3.74099111557
267,34.349968,3.59053373337
268,33.705059,3.18058776855
269,36.040054,2.82053947449
270,38.946022,2.73250818253
271,41.227039,2.44827580452
272,43.800739,2.58718371391
273,41.323353,2.55316495895
274,41.339386,2.29877376556
275,37.929279,2.09504675865
276,39.220036,2.0315310955
277,40.273762,2.33643269539
278,38.155258,2.80247831345
